{
 "cells": [
  {
   "cell_type": "code",
   "execution_count": 1,
   "metadata": {},
   "outputs": [],
   "source": [
    "# Predict House Prices using Knowledge Discovery Process\n",
    "\n",
    "# Step1 - Data Collection\n",
    "# Step2 - Data Pre-Processing\n",
    "# Step3 - Data Transformation\n",
    "# Step4 - Data Mining\n",
    "# Step5 - Interpretation and Evaluation"
   ]
  },
  {
   "cell_type": "code",
   "execution_count": 2,
   "metadata": {},
   "outputs": [
    {
     "data": {
      "text/html": [
       "<div>\n",
       "<style scoped>\n",
       "    .dataframe tbody tr th:only-of-type {\n",
       "        vertical-align: middle;\n",
       "    }\n",
       "\n",
       "    .dataframe tbody tr th {\n",
       "        vertical-align: top;\n",
       "    }\n",
       "\n",
       "    .dataframe thead th {\n",
       "        text-align: right;\n",
       "    }\n",
       "</style>\n",
       "<table border=\"1\" class=\"dataframe\">\n",
       "  <thead>\n",
       "    <tr style=\"text-align: right;\">\n",
       "      <th></th>\n",
       "      <th>price</th>\n",
       "      <th>lotsize</th>\n",
       "      <th>bedrooms</th>\n",
       "      <th>bathrms</th>\n",
       "      <th>stories</th>\n",
       "      <th>driveway</th>\n",
       "      <th>recroom</th>\n",
       "      <th>fullbase</th>\n",
       "      <th>gashw</th>\n",
       "      <th>airco</th>\n",
       "      <th>garagepl</th>\n",
       "      <th>prefarea</th>\n",
       "    </tr>\n",
       "  </thead>\n",
       "  <tbody>\n",
       "    <tr>\n",
       "      <th>0</th>\n",
       "      <td>42000.0</td>\n",
       "      <td>5850</td>\n",
       "      <td>3</td>\n",
       "      <td>1</td>\n",
       "      <td>two</td>\n",
       "      <td>yes</td>\n",
       "      <td>no</td>\n",
       "      <td>yes</td>\n",
       "      <td>no</td>\n",
       "      <td>no</td>\n",
       "      <td>1</td>\n",
       "      <td>no</td>\n",
       "    </tr>\n",
       "    <tr>\n",
       "      <th>1</th>\n",
       "      <td>38500.0</td>\n",
       "      <td>4000</td>\n",
       "      <td>2</td>\n",
       "      <td>1</td>\n",
       "      <td>one</td>\n",
       "      <td>yes</td>\n",
       "      <td>no</td>\n",
       "      <td>no</td>\n",
       "      <td>no</td>\n",
       "      <td>no</td>\n",
       "      <td>0</td>\n",
       "      <td>no</td>\n",
       "    </tr>\n",
       "    <tr>\n",
       "      <th>2</th>\n",
       "      <td>49500.0</td>\n",
       "      <td>3060</td>\n",
       "      <td>3</td>\n",
       "      <td>1</td>\n",
       "      <td>one</td>\n",
       "      <td>yes</td>\n",
       "      <td>no</td>\n",
       "      <td>no</td>\n",
       "      <td>no</td>\n",
       "      <td>no</td>\n",
       "      <td>0</td>\n",
       "      <td>no</td>\n",
       "    </tr>\n",
       "  </tbody>\n",
       "</table>\n",
       "</div>"
      ],
      "text/plain": [
       "     price  lotsize  bedrooms  bathrms stories driveway recroom fullbase  \\\n",
       "0  42000.0     5850         3        1     two      yes      no      yes   \n",
       "1  38500.0     4000         2        1     one      yes      no       no   \n",
       "2  49500.0     3060         3        1     one      yes      no       no   \n",
       "\n",
       "  gashw airco  garagepl prefarea  \n",
       "0    no    no         1       no  \n",
       "1    no    no         0       no  \n",
       "2    no    no         0       no  "
      ]
     },
     "execution_count": 2,
     "metadata": {},
     "output_type": "execute_result"
    }
   ],
   "source": [
    "import pandas as pd\n",
    "\n",
    "df = pd.read_csv('D:\\Public\\Jyothsna\\Python\\Hackveda\\Housing_Modified.csv')\n",
    "df.head(3)"
   ]
  },
  {
   "cell_type": "code",
   "execution_count": 3,
   "metadata": {},
   "outputs": [
    {
     "data": {
      "text/html": [
       "<div>\n",
       "<style scoped>\n",
       "    .dataframe tbody tr th:only-of-type {\n",
       "        vertical-align: middle;\n",
       "    }\n",
       "\n",
       "    .dataframe tbody tr th {\n",
       "        vertical-align: top;\n",
       "    }\n",
       "\n",
       "    .dataframe thead th {\n",
       "        text-align: right;\n",
       "    }\n",
       "</style>\n",
       "<table border=\"1\" class=\"dataframe\">\n",
       "  <thead>\n",
       "    <tr style=\"text-align: right;\">\n",
       "      <th></th>\n",
       "      <th>price</th>\n",
       "      <th>lotsize</th>\n",
       "      <th>bedrooms</th>\n",
       "      <th>bathrms</th>\n",
       "      <th>garagepl</th>\n",
       "    </tr>\n",
       "  </thead>\n",
       "  <tbody>\n",
       "    <tr>\n",
       "      <th>price</th>\n",
       "      <td>1.000000</td>\n",
       "      <td>0.535796</td>\n",
       "      <td>0.366447</td>\n",
       "      <td>0.516719</td>\n",
       "      <td>0.383302</td>\n",
       "    </tr>\n",
       "    <tr>\n",
       "      <th>lotsize</th>\n",
       "      <td>0.535796</td>\n",
       "      <td>1.000000</td>\n",
       "      <td>0.151851</td>\n",
       "      <td>0.193833</td>\n",
       "      <td>0.352872</td>\n",
       "    </tr>\n",
       "    <tr>\n",
       "      <th>bedrooms</th>\n",
       "      <td>0.366447</td>\n",
       "      <td>0.151851</td>\n",
       "      <td>1.000000</td>\n",
       "      <td>0.373769</td>\n",
       "      <td>0.139117</td>\n",
       "    </tr>\n",
       "    <tr>\n",
       "      <th>bathrms</th>\n",
       "      <td>0.516719</td>\n",
       "      <td>0.193833</td>\n",
       "      <td>0.373769</td>\n",
       "      <td>1.000000</td>\n",
       "      <td>0.178178</td>\n",
       "    </tr>\n",
       "    <tr>\n",
       "      <th>garagepl</th>\n",
       "      <td>0.383302</td>\n",
       "      <td>0.352872</td>\n",
       "      <td>0.139117</td>\n",
       "      <td>0.178178</td>\n",
       "      <td>1.000000</td>\n",
       "    </tr>\n",
       "  </tbody>\n",
       "</table>\n",
       "</div>"
      ],
      "text/plain": [
       "             price   lotsize  bedrooms   bathrms  garagepl\n",
       "price     1.000000  0.535796  0.366447  0.516719  0.383302\n",
       "lotsize   0.535796  1.000000  0.151851  0.193833  0.352872\n",
       "bedrooms  0.366447  0.151851  1.000000  0.373769  0.139117\n",
       "bathrms   0.516719  0.193833  0.373769  1.000000  0.178178\n",
       "garagepl  0.383302  0.352872  0.139117  0.178178  1.000000"
      ]
     },
     "execution_count": 3,
     "metadata": {},
     "output_type": "execute_result"
    }
   ],
   "source": [
    "# Calculate the correlation among variables\n",
    "\n",
    "df.corr()"
   ]
  },
  {
   "cell_type": "code",
   "execution_count": 4,
   "metadata": {},
   "outputs": [
    {
     "data": {
      "text/html": [
       "<div>\n",
       "<style scoped>\n",
       "    .dataframe tbody tr th:only-of-type {\n",
       "        vertical-align: middle;\n",
       "    }\n",
       "\n",
       "    .dataframe tbody tr th {\n",
       "        vertical-align: top;\n",
       "    }\n",
       "\n",
       "    .dataframe thead th {\n",
       "        text-align: right;\n",
       "    }\n",
       "</style>\n",
       "<table border=\"1\" class=\"dataframe\">\n",
       "  <thead>\n",
       "    <tr style=\"text-align: right;\">\n",
       "      <th></th>\n",
       "      <th>price</th>\n",
       "      <th>lotsize</th>\n",
       "      <th>bedrooms</th>\n",
       "      <th>bathrms</th>\n",
       "      <th>stories</th>\n",
       "      <th>driveway</th>\n",
       "      <th>recroom</th>\n",
       "      <th>fullbase</th>\n",
       "      <th>gashw</th>\n",
       "      <th>airco</th>\n",
       "      <th>garagepl</th>\n",
       "      <th>prefarea</th>\n",
       "    </tr>\n",
       "  </thead>\n",
       "  <tbody>\n",
       "    <tr>\n",
       "      <th>0</th>\n",
       "      <td>42000.0</td>\n",
       "      <td>5850</td>\n",
       "      <td>3</td>\n",
       "      <td>1</td>\n",
       "      <td>two</td>\n",
       "      <td>1</td>\n",
       "      <td>0</td>\n",
       "      <td>1</td>\n",
       "      <td>0</td>\n",
       "      <td>0</td>\n",
       "      <td>1</td>\n",
       "      <td>0</td>\n",
       "    </tr>\n",
       "    <tr>\n",
       "      <th>1</th>\n",
       "      <td>38500.0</td>\n",
       "      <td>4000</td>\n",
       "      <td>2</td>\n",
       "      <td>1</td>\n",
       "      <td>one</td>\n",
       "      <td>1</td>\n",
       "      <td>0</td>\n",
       "      <td>0</td>\n",
       "      <td>0</td>\n",
       "      <td>0</td>\n",
       "      <td>0</td>\n",
       "      <td>0</td>\n",
       "    </tr>\n",
       "    <tr>\n",
       "      <th>2</th>\n",
       "      <td>49500.0</td>\n",
       "      <td>3060</td>\n",
       "      <td>3</td>\n",
       "      <td>1</td>\n",
       "      <td>one</td>\n",
       "      <td>1</td>\n",
       "      <td>0</td>\n",
       "      <td>0</td>\n",
       "      <td>0</td>\n",
       "      <td>0</td>\n",
       "      <td>0</td>\n",
       "      <td>0</td>\n",
       "    </tr>\n",
       "    <tr>\n",
       "      <th>3</th>\n",
       "      <td>60500.0</td>\n",
       "      <td>6650</td>\n",
       "      <td>3</td>\n",
       "      <td>1</td>\n",
       "      <td>two</td>\n",
       "      <td>1</td>\n",
       "      <td>1</td>\n",
       "      <td>0</td>\n",
       "      <td>0</td>\n",
       "      <td>0</td>\n",
       "      <td>0</td>\n",
       "      <td>0</td>\n",
       "    </tr>\n",
       "    <tr>\n",
       "      <th>4</th>\n",
       "      <td>61000.0</td>\n",
       "      <td>6360</td>\n",
       "      <td>2</td>\n",
       "      <td>1</td>\n",
       "      <td>one</td>\n",
       "      <td>1</td>\n",
       "      <td>0</td>\n",
       "      <td>0</td>\n",
       "      <td>0</td>\n",
       "      <td>0</td>\n",
       "      <td>0</td>\n",
       "      <td>0</td>\n",
       "    </tr>\n",
       "  </tbody>\n",
       "</table>\n",
       "</div>"
      ],
      "text/plain": [
       "     price  lotsize  bedrooms  bathrms stories  driveway  recroom  fullbase  \\\n",
       "0  42000.0     5850         3        1     two         1        0         1   \n",
       "1  38500.0     4000         2        1     one         1        0         0   \n",
       "2  49500.0     3060         3        1     one         1        0         0   \n",
       "3  60500.0     6650         3        1     two         1        1         0   \n",
       "4  61000.0     6360         2        1     one         1        0         0   \n",
       "\n",
       "   gashw  airco  garagepl  prefarea  \n",
       "0      0      0         1         0  \n",
       "1      0      0         0         0  \n",
       "2      0      0         0         0  \n",
       "3      0      0         0         0  \n",
       "4      0      0         0         0  "
      ]
     },
     "execution_count": 4,
     "metadata": {},
     "output_type": "execute_result"
    }
   ],
   "source": [
    "# Data Preprocessing using Label Binarizer and One Hot Encoder\n",
    "\n",
    "from sklearn.preprocessing import LabelBinarizer\n",
    "lb = LabelBinarizer()\n",
    "\n",
    "df.driveway = lb.fit_transform(df.driveway)\n",
    "df.recroom = lb.fit_transform(df.recroom)\n",
    "df.fullbase = lb.fit_transform(df.fullbase)\n",
    "df.gashw = lb.fit_transform(df.gashw)\n",
    "df.airco = lb.fit_transform(df.airco)\n",
    "df.prefarea = lb.fit_transform(df.prefarea)\n",
    "\n",
    "df.head(5)"
   ]
  },
  {
   "cell_type": "code",
   "execution_count": 5,
   "metadata": {},
   "outputs": [],
   "source": [
    "# One Hot Encoder\n",
    "# Change the stories = Multicategory variable into numbers\n",
    "\n",
    "df1 = pd.get_dummies(df.stories,prefix='stories')\n",
    "\n",
    "# Concatenate df1 with df ([df,df1]) column wise (axis=1)\n",
    "\n",
    "df = pd.concat([df,df1], axis=1)"
   ]
  },
  {
   "cell_type": "code",
   "execution_count": 6,
   "metadata": {},
   "outputs": [],
   "source": [
    "df.head(3)\n",
    "\n",
    "del[df['stories']]"
   ]
  },
  {
   "cell_type": "code",
   "execution_count": 7,
   "metadata": {},
   "outputs": [
    {
     "data": {
      "text/html": [
       "<div>\n",
       "<style scoped>\n",
       "    .dataframe tbody tr th:only-of-type {\n",
       "        vertical-align: middle;\n",
       "    }\n",
       "\n",
       "    .dataframe tbody tr th {\n",
       "        vertical-align: top;\n",
       "    }\n",
       "\n",
       "    .dataframe thead th {\n",
       "        text-align: right;\n",
       "    }\n",
       "</style>\n",
       "<table border=\"1\" class=\"dataframe\">\n",
       "  <thead>\n",
       "    <tr style=\"text-align: right;\">\n",
       "      <th></th>\n",
       "      <th>price</th>\n",
       "      <th>lotsize</th>\n",
       "      <th>bedrooms</th>\n",
       "      <th>bathrms</th>\n",
       "      <th>driveway</th>\n",
       "      <th>recroom</th>\n",
       "      <th>fullbase</th>\n",
       "      <th>gashw</th>\n",
       "      <th>airco</th>\n",
       "      <th>garagepl</th>\n",
       "      <th>prefarea</th>\n",
       "      <th>stories_four</th>\n",
       "      <th>stories_one</th>\n",
       "      <th>stories_three</th>\n",
       "      <th>stories_two</th>\n",
       "    </tr>\n",
       "  </thead>\n",
       "  <tbody>\n",
       "    <tr>\n",
       "      <th>0</th>\n",
       "      <td>42000.0</td>\n",
       "      <td>5850</td>\n",
       "      <td>3</td>\n",
       "      <td>1</td>\n",
       "      <td>1</td>\n",
       "      <td>0</td>\n",
       "      <td>1</td>\n",
       "      <td>0</td>\n",
       "      <td>0</td>\n",
       "      <td>1</td>\n",
       "      <td>0</td>\n",
       "      <td>0</td>\n",
       "      <td>0</td>\n",
       "      <td>0</td>\n",
       "      <td>1</td>\n",
       "    </tr>\n",
       "    <tr>\n",
       "      <th>1</th>\n",
       "      <td>38500.0</td>\n",
       "      <td>4000</td>\n",
       "      <td>2</td>\n",
       "      <td>1</td>\n",
       "      <td>1</td>\n",
       "      <td>0</td>\n",
       "      <td>0</td>\n",
       "      <td>0</td>\n",
       "      <td>0</td>\n",
       "      <td>0</td>\n",
       "      <td>0</td>\n",
       "      <td>0</td>\n",
       "      <td>1</td>\n",
       "      <td>0</td>\n",
       "      <td>0</td>\n",
       "    </tr>\n",
       "    <tr>\n",
       "      <th>2</th>\n",
       "      <td>49500.0</td>\n",
       "      <td>3060</td>\n",
       "      <td>3</td>\n",
       "      <td>1</td>\n",
       "      <td>1</td>\n",
       "      <td>0</td>\n",
       "      <td>0</td>\n",
       "      <td>0</td>\n",
       "      <td>0</td>\n",
       "      <td>0</td>\n",
       "      <td>0</td>\n",
       "      <td>0</td>\n",
       "      <td>1</td>\n",
       "      <td>0</td>\n",
       "      <td>0</td>\n",
       "    </tr>\n",
       "  </tbody>\n",
       "</table>\n",
       "</div>"
      ],
      "text/plain": [
       "     price  lotsize  bedrooms  bathrms  driveway  recroom  fullbase  gashw  \\\n",
       "0  42000.0     5850         3        1         1        0         1      0   \n",
       "1  38500.0     4000         2        1         1        0         0      0   \n",
       "2  49500.0     3060         3        1         1        0         0      0   \n",
       "\n",
       "   airco  garagepl  prefarea  stories_four  stories_one  stories_three  \\\n",
       "0      0         1         0             0            0              0   \n",
       "1      0         0         0             0            1              0   \n",
       "2      0         0         0             0            1              0   \n",
       "\n",
       "   stories_two  \n",
       "0            1  \n",
       "1            0  \n",
       "2            0  "
      ]
     },
     "execution_count": 7,
     "metadata": {},
     "output_type": "execute_result"
    }
   ],
   "source": [
    "df.head(3)"
   ]
  },
  {
   "cell_type": "code",
   "execution_count": 8,
   "metadata": {},
   "outputs": [
    {
     "data": {
      "text/html": [
       "<div>\n",
       "<style scoped>\n",
       "    .dataframe tbody tr th:only-of-type {\n",
       "        vertical-align: middle;\n",
       "    }\n",
       "\n",
       "    .dataframe tbody tr th {\n",
       "        vertical-align: top;\n",
       "    }\n",
       "\n",
       "    .dataframe thead th {\n",
       "        text-align: right;\n",
       "    }\n",
       "</style>\n",
       "<table border=\"1\" class=\"dataframe\">\n",
       "  <thead>\n",
       "    <tr style=\"text-align: right;\">\n",
       "      <th></th>\n",
       "      <th>price</th>\n",
       "      <th>lotsize</th>\n",
       "      <th>bedrooms</th>\n",
       "      <th>bathrms</th>\n",
       "      <th>driveway</th>\n",
       "      <th>recroom</th>\n",
       "      <th>fullbase</th>\n",
       "      <th>gashw</th>\n",
       "      <th>airco</th>\n",
       "      <th>garagepl</th>\n",
       "      <th>prefarea</th>\n",
       "      <th>stories_four</th>\n",
       "      <th>stories_one</th>\n",
       "      <th>stories_three</th>\n",
       "      <th>stories_two</th>\n",
       "    </tr>\n",
       "  </thead>\n",
       "  <tbody>\n",
       "    <tr>\n",
       "      <th>price</th>\n",
       "      <td>1.000000</td>\n",
       "      <td>0.535796</td>\n",
       "      <td>0.366447</td>\n",
       "      <td>0.516719</td>\n",
       "      <td>0.297167</td>\n",
       "      <td>0.254960</td>\n",
       "      <td>0.186218</td>\n",
       "      <td>0.092837</td>\n",
       "      <td>0.453347</td>\n",
       "      <td>0.383302</td>\n",
       "      <td>0.329074</td>\n",
       "      <td>0.372281</td>\n",
       "      <td>-0.270058</td>\n",
       "      <td>0.138254</td>\n",
       "      <td>-0.002089</td>\n",
       "    </tr>\n",
       "    <tr>\n",
       "      <th>lotsize</th>\n",
       "      <td>0.535796</td>\n",
       "      <td>1.000000</td>\n",
       "      <td>0.151851</td>\n",
       "      <td>0.193833</td>\n",
       "      <td>0.288778</td>\n",
       "      <td>0.140327</td>\n",
       "      <td>0.047487</td>\n",
       "      <td>-0.009201</td>\n",
       "      <td>0.221765</td>\n",
       "      <td>0.352872</td>\n",
       "      <td>0.234782</td>\n",
       "      <td>0.178354</td>\n",
       "      <td>0.054348</td>\n",
       "      <td>0.020567</td>\n",
       "      <td>-0.159612</td>\n",
       "    </tr>\n",
       "    <tr>\n",
       "      <th>bedrooms</th>\n",
       "      <td>0.366447</td>\n",
       "      <td>0.151851</td>\n",
       "      <td>1.000000</td>\n",
       "      <td>0.373769</td>\n",
       "      <td>-0.011996</td>\n",
       "      <td>0.080492</td>\n",
       "      <td>0.097201</td>\n",
       "      <td>0.046028</td>\n",
       "      <td>0.160412</td>\n",
       "      <td>0.139117</td>\n",
       "      <td>0.078953</td>\n",
       "      <td>0.145525</td>\n",
       "      <td>-0.509974</td>\n",
       "      <td>0.099150</td>\n",
       "      <td>0.377424</td>\n",
       "    </tr>\n",
       "    <tr>\n",
       "      <th>bathrms</th>\n",
       "      <td>0.516719</td>\n",
       "      <td>0.193833</td>\n",
       "      <td>0.373769</td>\n",
       "      <td>1.000000</td>\n",
       "      <td>0.041955</td>\n",
       "      <td>0.126892</td>\n",
       "      <td>0.102791</td>\n",
       "      <td>0.067365</td>\n",
       "      <td>0.184955</td>\n",
       "      <td>0.178178</td>\n",
       "      <td>0.064013</td>\n",
       "      <td>0.281003</td>\n",
       "      <td>-0.250784</td>\n",
       "      <td>0.036027</td>\n",
       "      <td>0.080982</td>\n",
       "    </tr>\n",
       "    <tr>\n",
       "      <th>driveway</th>\n",
       "      <td>0.297167</td>\n",
       "      <td>0.288778</td>\n",
       "      <td>-0.011996</td>\n",
       "      <td>0.041955</td>\n",
       "      <td>1.000000</td>\n",
       "      <td>0.091959</td>\n",
       "      <td>0.043428</td>\n",
       "      <td>-0.011942</td>\n",
       "      <td>0.106290</td>\n",
       "      <td>0.203682</td>\n",
       "      <td>0.199378</td>\n",
       "      <td>0.115453</td>\n",
       "      <td>-0.053249</td>\n",
       "      <td>0.073533</td>\n",
       "      <td>-0.047074</td>\n",
       "    </tr>\n",
       "    <tr>\n",
       "      <th>recroom</th>\n",
       "      <td>0.254960</td>\n",
       "      <td>0.140327</td>\n",
       "      <td>0.080492</td>\n",
       "      <td>0.126892</td>\n",
       "      <td>0.091959</td>\n",
       "      <td>1.000000</td>\n",
       "      <td>0.372434</td>\n",
       "      <td>-0.010119</td>\n",
       "      <td>0.136626</td>\n",
       "      <td>0.038122</td>\n",
       "      <td>0.161292</td>\n",
       "      <td>0.067567</td>\n",
       "      <td>-0.022632</td>\n",
       "      <td>-0.038733</td>\n",
       "      <td>0.006938</td>\n",
       "    </tr>\n",
       "    <tr>\n",
       "      <th>fullbase</th>\n",
       "      <td>0.186218</td>\n",
       "      <td>0.047487</td>\n",
       "      <td>0.097201</td>\n",
       "      <td>0.102791</td>\n",
       "      <td>0.043428</td>\n",
       "      <td>0.372434</td>\n",
       "      <td>1.000000</td>\n",
       "      <td>0.004677</td>\n",
       "      <td>0.045248</td>\n",
       "      <td>0.052524</td>\n",
       "      <td>0.228651</td>\n",
       "      <td>-0.165285</td>\n",
       "      <td>0.059154</td>\n",
       "      <td>-0.132540</td>\n",
       "      <td>0.098694</td>\n",
       "    </tr>\n",
       "    <tr>\n",
       "      <th>gashw</th>\n",
       "      <td>0.092837</td>\n",
       "      <td>-0.009201</td>\n",
       "      <td>0.046028</td>\n",
       "      <td>0.067365</td>\n",
       "      <td>-0.011942</td>\n",
       "      <td>-0.010119</td>\n",
       "      <td>0.004677</td>\n",
       "      <td>1.000000</td>\n",
       "      <td>-0.130350</td>\n",
       "      <td>0.068144</td>\n",
       "      <td>-0.059170</td>\n",
       "      <td>-0.062416</td>\n",
       "      <td>-0.060336</td>\n",
       "      <td>0.072922</td>\n",
       "      <td>0.054823</td>\n",
       "    </tr>\n",
       "    <tr>\n",
       "      <th>airco</th>\n",
       "      <td>0.453347</td>\n",
       "      <td>0.221765</td>\n",
       "      <td>0.160412</td>\n",
       "      <td>0.184955</td>\n",
       "      <td>0.106290</td>\n",
       "      <td>0.136626</td>\n",
       "      <td>0.045248</td>\n",
       "      <td>-0.130350</td>\n",
       "      <td>1.000000</td>\n",
       "      <td>0.156596</td>\n",
       "      <td>0.115626</td>\n",
       "      <td>0.298887</td>\n",
       "      <td>-0.143174</td>\n",
       "      <td>0.110682</td>\n",
       "      <td>-0.074706</td>\n",
       "    </tr>\n",
       "    <tr>\n",
       "      <th>garagepl</th>\n",
       "      <td>0.383302</td>\n",
       "      <td>0.352872</td>\n",
       "      <td>0.139117</td>\n",
       "      <td>0.178178</td>\n",
       "      <td>0.203682</td>\n",
       "      <td>0.038122</td>\n",
       "      <td>0.052524</td>\n",
       "      <td>0.068144</td>\n",
       "      <td>0.156596</td>\n",
       "      <td>1.000000</td>\n",
       "      <td>0.092364</td>\n",
       "      <td>0.126112</td>\n",
       "      <td>0.016610</td>\n",
       "      <td>-0.079170</td>\n",
       "      <td>-0.041931</td>\n",
       "    </tr>\n",
       "    <tr>\n",
       "      <th>prefarea</th>\n",
       "      <td>0.329074</td>\n",
       "      <td>0.234782</td>\n",
       "      <td>0.078953</td>\n",
       "      <td>0.064013</td>\n",
       "      <td>0.199378</td>\n",
       "      <td>0.161292</td>\n",
       "      <td>0.228651</td>\n",
       "      <td>-0.059170</td>\n",
       "      <td>0.115626</td>\n",
       "      <td>0.092364</td>\n",
       "      <td>1.000000</td>\n",
       "      <td>-0.010035</td>\n",
       "      <td>-0.010668</td>\n",
       "      <td>0.143067</td>\n",
       "      <td>-0.059240</td>\n",
       "    </tr>\n",
       "    <tr>\n",
       "      <th>stories_four</th>\n",
       "      <td>0.372281</td>\n",
       "      <td>0.178354</td>\n",
       "      <td>0.145525</td>\n",
       "      <td>0.281003</td>\n",
       "      <td>0.115453</td>\n",
       "      <td>0.067567</td>\n",
       "      <td>-0.165285</td>\n",
       "      <td>-0.062416</td>\n",
       "      <td>0.298887</td>\n",
       "      <td>0.126112</td>\n",
       "      <td>-0.010035</td>\n",
       "      <td>1.000000</td>\n",
       "      <td>-0.240361</td>\n",
       "      <td>-0.080113</td>\n",
       "      <td>-0.250472</td>\n",
       "    </tr>\n",
       "    <tr>\n",
       "      <th>stories_one</th>\n",
       "      <td>-0.270058</td>\n",
       "      <td>0.054348</td>\n",
       "      <td>-0.509974</td>\n",
       "      <td>-0.250784</td>\n",
       "      <td>-0.053249</td>\n",
       "      <td>-0.022632</td>\n",
       "      <td>0.059154</td>\n",
       "      <td>-0.060336</td>\n",
       "      <td>-0.143174</td>\n",
       "      <td>0.016610</td>\n",
       "      <td>-0.010668</td>\n",
       "      <td>-0.240361</td>\n",
       "      <td>1.000000</td>\n",
       "      <td>-0.237177</td>\n",
       "      <td>-0.741533</td>\n",
       "    </tr>\n",
       "    <tr>\n",
       "      <th>stories_three</th>\n",
       "      <td>0.138254</td>\n",
       "      <td>0.020567</td>\n",
       "      <td>0.099150</td>\n",
       "      <td>0.036027</td>\n",
       "      <td>0.073533</td>\n",
       "      <td>-0.038733</td>\n",
       "      <td>-0.132540</td>\n",
       "      <td>0.072922</td>\n",
       "      <td>0.110682</td>\n",
       "      <td>-0.079170</td>\n",
       "      <td>0.143067</td>\n",
       "      <td>-0.080113</td>\n",
       "      <td>-0.237177</td>\n",
       "      <td>1.000000</td>\n",
       "      <td>-0.247154</td>\n",
       "    </tr>\n",
       "    <tr>\n",
       "      <th>stories_two</th>\n",
       "      <td>-0.002089</td>\n",
       "      <td>-0.159612</td>\n",
       "      <td>0.377424</td>\n",
       "      <td>0.080982</td>\n",
       "      <td>-0.047074</td>\n",
       "      <td>0.006938</td>\n",
       "      <td>0.098694</td>\n",
       "      <td>0.054823</td>\n",
       "      <td>-0.074706</td>\n",
       "      <td>-0.041931</td>\n",
       "      <td>-0.059240</td>\n",
       "      <td>-0.250472</td>\n",
       "      <td>-0.741533</td>\n",
       "      <td>-0.247154</td>\n",
       "      <td>1.000000</td>\n",
       "    </tr>\n",
       "  </tbody>\n",
       "</table>\n",
       "</div>"
      ],
      "text/plain": [
       "                  price   lotsize  bedrooms   bathrms  driveway   recroom  \\\n",
       "price          1.000000  0.535796  0.366447  0.516719  0.297167  0.254960   \n",
       "lotsize        0.535796  1.000000  0.151851  0.193833  0.288778  0.140327   \n",
       "bedrooms       0.366447  0.151851  1.000000  0.373769 -0.011996  0.080492   \n",
       "bathrms        0.516719  0.193833  0.373769  1.000000  0.041955  0.126892   \n",
       "driveway       0.297167  0.288778 -0.011996  0.041955  1.000000  0.091959   \n",
       "recroom        0.254960  0.140327  0.080492  0.126892  0.091959  1.000000   \n",
       "fullbase       0.186218  0.047487  0.097201  0.102791  0.043428  0.372434   \n",
       "gashw          0.092837 -0.009201  0.046028  0.067365 -0.011942 -0.010119   \n",
       "airco          0.453347  0.221765  0.160412  0.184955  0.106290  0.136626   \n",
       "garagepl       0.383302  0.352872  0.139117  0.178178  0.203682  0.038122   \n",
       "prefarea       0.329074  0.234782  0.078953  0.064013  0.199378  0.161292   \n",
       "stories_four   0.372281  0.178354  0.145525  0.281003  0.115453  0.067567   \n",
       "stories_one   -0.270058  0.054348 -0.509974 -0.250784 -0.053249 -0.022632   \n",
       "stories_three  0.138254  0.020567  0.099150  0.036027  0.073533 -0.038733   \n",
       "stories_two   -0.002089 -0.159612  0.377424  0.080982 -0.047074  0.006938   \n",
       "\n",
       "               fullbase     gashw     airco  garagepl  prefarea  stories_four  \\\n",
       "price          0.186218  0.092837  0.453347  0.383302  0.329074      0.372281   \n",
       "lotsize        0.047487 -0.009201  0.221765  0.352872  0.234782      0.178354   \n",
       "bedrooms       0.097201  0.046028  0.160412  0.139117  0.078953      0.145525   \n",
       "bathrms        0.102791  0.067365  0.184955  0.178178  0.064013      0.281003   \n",
       "driveway       0.043428 -0.011942  0.106290  0.203682  0.199378      0.115453   \n",
       "recroom        0.372434 -0.010119  0.136626  0.038122  0.161292      0.067567   \n",
       "fullbase       1.000000  0.004677  0.045248  0.052524  0.228651     -0.165285   \n",
       "gashw          0.004677  1.000000 -0.130350  0.068144 -0.059170     -0.062416   \n",
       "airco          0.045248 -0.130350  1.000000  0.156596  0.115626      0.298887   \n",
       "garagepl       0.052524  0.068144  0.156596  1.000000  0.092364      0.126112   \n",
       "prefarea       0.228651 -0.059170  0.115626  0.092364  1.000000     -0.010035   \n",
       "stories_four  -0.165285 -0.062416  0.298887  0.126112 -0.010035      1.000000   \n",
       "stories_one    0.059154 -0.060336 -0.143174  0.016610 -0.010668     -0.240361   \n",
       "stories_three -0.132540  0.072922  0.110682 -0.079170  0.143067     -0.080113   \n",
       "stories_two    0.098694  0.054823 -0.074706 -0.041931 -0.059240     -0.250472   \n",
       "\n",
       "               stories_one  stories_three  stories_two  \n",
       "price            -0.270058       0.138254    -0.002089  \n",
       "lotsize           0.054348       0.020567    -0.159612  \n",
       "bedrooms         -0.509974       0.099150     0.377424  \n",
       "bathrms          -0.250784       0.036027     0.080982  \n",
       "driveway         -0.053249       0.073533    -0.047074  \n",
       "recroom          -0.022632      -0.038733     0.006938  \n",
       "fullbase          0.059154      -0.132540     0.098694  \n",
       "gashw            -0.060336       0.072922     0.054823  \n",
       "airco            -0.143174       0.110682    -0.074706  \n",
       "garagepl          0.016610      -0.079170    -0.041931  \n",
       "prefarea         -0.010668       0.143067    -0.059240  \n",
       "stories_four     -0.240361      -0.080113    -0.250472  \n",
       "stories_one       1.000000      -0.237177    -0.741533  \n",
       "stories_three    -0.237177       1.000000    -0.247154  \n",
       "stories_two      -0.741533      -0.247154     1.000000  "
      ]
     },
     "execution_count": 8,
     "metadata": {},
     "output_type": "execute_result"
    }
   ],
   "source": [
    "df.corr()"
   ]
  },
  {
   "cell_type": "code",
   "execution_count": 9,
   "metadata": {},
   "outputs": [
    {
     "data": {
